<?xml version="1.0"?>
<opencv_storage>
<Y_DISTANCE_BETWEEN_GUN_AND_CAM>0.</Y_DISTANCE_BETWEEN_GUN_AND_CAM>





<CAMERA_MARTRIX_0 type_id="opencv-matrix">
  <rows>3</rows>
  <cols>3</cols>
  <dt>d</dt>
  <data>
  2613.3754796789376000 0.0000000000000000 652.1640091883296000
  0.0000000000000000 2616.3194756466528000 526.3999452491417500
  0.0000000000000000 0.0000000000000000 1.0000000000000000 </data></CAMERA_MARTRIX_0>


<DISTORTION_COEFF_0 type_id="opencv-matrix">
  <rows>5</rows>
  <cols>1</cols>
  <dt>d</dt>
  <data>
    -0.1723680749172372 0.4508455432005705 0.0000000000000000 0.0000000000000000 -7.2885336612621048</data></DISTORTION_COEFF_0>
    
    
    
    

<CAMERA_MARTRIX_1 type_id="opencv-matrix">
  <rows>3</rows>
  <cols>3</cols>
  <dt>d</dt>
  <data>
  2043.1990746949620643 0.0000000000000000 657.2619820154508261
  0.0000000000000000 2043.1947650380875530 524.1160170163720977
  0.0000000000000000 0.0000000000000000 1.0000000000000000   </data></CAMERA_MARTRIX_1>


<DISTORTION_COEFF_1 type_id="opencv-matrix">
  <rows>5</rows>
  <cols>1</cols>
  <dt>d</dt>
  <data>
    -0.0830256978110435 0.2418008541295512 0.0000000000000000 0.0000000000000000 0.6490043376167659 </data></DISTORTION_COEFF_1>
    
    
      
    
    
<CAMERA_MARTRIX_2 type_id="opencv-matrix">
  <rows>3</rows>
  <cols>3</cols>
  <dt>d</dt>
  <data>
  2575.8590740913109585 0.0000000000000000 632.7461351136280427
  0.0000000000000000 2579.3308099008099816 545.8728163419285693
  0.0000000000000000 0.0000000000000000 1.0000000000000000   </data></CAMERA_MARTRIX_2>
   
    
<DISTORTION_COEFF_2 type_id="opencv-matrix">
  <rows>5</rows>
  <cols>1</cols>
  <dt>d</dt>
  <data>
    -0.1724750076659443 -0.0548128394432927 0.0000000000000000 0.0000000000000000 2.2674818975738207 </data></DISTORTION_COEFF_2>
    
    
    
    
<!-- camera ID: C-A&L1 -->
<CAMERA_MARTRIX_3 type_id="opencv-matrix">
  <rows>3</rows>
  <cols>3</cols>
  <dt>d</dt>
  <data>
    2071.5718092604324738 0.0000000000000000 613.2364830239571347 0.0000000000000000 2145.7733814439302478 516.1500834922496779 0.0000000000000000 0.0000000000000000 1.0000000000000000   </data></CAMERA_MARTRIX_3>
    
    
<DISTORTION_COEFF_3 type_id="opencv-matrix">
  <rows>5</rows>
  <cols>1</cols>
  <dt>d</dt>
  <data>
    -0.0785055603492581 0.5507997521621478 0.0000000000000000 0.0000000000000000 -0.6808600239988394 </data></DISTORTION_COEFF_3>    
    
    
    
    
<!-- camera ID: C-B&L2 -->
<CAMERA_MARTRIX_4 type_id="opencv-matrix"><!--WX605 640*360 60度镜头-->
  <rows>3</rows>
  <cols>3</cols>
  <dt>d</dt>
  <data>
    2069.8830360408414890 0.0000000000000000 627.8526868954011206 0.0000000000000000 2070.1863832089607058 511.1043142294024051 0.0000000000000000 0.0000000000000000 1.0000000000000000    </data></CAMERA_MARTRIX_4>


<DISTORTION_COEFF_4 type_id="opencv-matrix"><!--WX605 640*360 60度镜头-->
  <rows>5</rows>
  <cols>1</cols>
  <dt>d</dt>
  <data>
   -0.0922540029925082 1.0710195593096534 0.0000000000000000 0.0000000000000000 -9.5839378205026513  </data></DISTORTION_COEFF_4>





<CAMERA_MARTRIX_5 type_id="opencv-matrix">
  <rows>3</rows>
  <cols>3</cols>
  <dt>d</dt>
  <data>
    9.0727852395266996e+02 0. 9.3038434944896596e+02 
    0. 9.1083076590026599e+02 5.4833111051079095e+02 
    0. 0. 1.</data></CAMERA_MARTRIX_5>
    
    
<DISTORTION_COEFF_5 type_id="opencv-matrix">
  <rows>5</rows>
  <cols>1</cols>
  <dt>d</dt>
  <data>
    4.8368764712825800e-02 -5.5324290030714603e-02 -1.8840124234171501e-03 -2.8019009075403898e-04 0.</data></DISTORTION_COEFF_5>    



    
    
<CAMERA_MARTRIX_6 type_id="opencv-matrix"><!--KS2A17 480P 拆的镜头-->
  <rows>3</rows>
  <cols>3</cols>
  <dt>d</dt>
  <data>
    1024.8765390107969324 0.0000000000000000 339.2096643972594165 
0.0000000000000000 1024.8941735497023728 167.5430589215398811 
0.0000000000000000 0.0000000000000000 1.0000000000000000 </data></CAMERA_MARTRIX_6>
    
    
<DISTORTION_COEFF_6 type_id="opencv-matrix"><!--KS2A17 480P 拆的镜头-->
  <rows>5</rows>
  <cols>1</cols>
  <dt>d</dt>
  <data>
    -0.6055771712097694 0.4320798923978441 0.0000000000000000 0.0000000000000000 0.2126744975511103</data></DISTORTION_COEFF_6>    
    
    
    
    
    
<CAMERA_MARTRIX_7 type_id="opencv-matrix">
  <rows>3</rows>
  <cols>3</cols>
  <dt>d</dt>
  <data>
    1.0693643925255799e+03 0. 9.8274950264502297e+02 
    0. 1.0691273576306601e+03 5.4380089217006503e+02 
    0. 0. 1.</data></CAMERA_MARTRIX_7>
    
    
<DISTORTION_COEFF_7 type_id="opencv-matrix">
  <rows>5</rows>
  <cols>1</cols>
  <dt>d</dt>
  <data>
    -4.0774568818974699e-01 1.8955055660183801e-01 -2.5099250679188000e-03 4.2984337983608003e-04 0.</data></DISTORTION_COEFF_7>    
    
    
    
    
    
<CAMERA_MARTRIX_8 type_id="opencv-matrix"><!--AX-5610-172.V1.0 480P -->
  <rows>3</rows>
  <cols>3</cols>
  <dt>d</dt>
  <data>
    442.832003582543 0 310.050331984783
	0 442.450897184039 257.269134806115
	0 0 1</data></CAMERA_MARTRIX_8>


<DISTORTION_COEFF_8 type_id="opencv-matrix"><!--AX-5610-172.V1.0 480P -->
  <rows>5</rows>
  <cols>1</cols>
  <dt>d</dt>
  <data>
    0.0554205664267422	-0.0609082241385660 0 0 0</data></DISTORTION_COEFF_8>





<CAMERA_MARTRIX_9 type_id="opencv-matrix"><!--AX-5610-172.V1.0 720P -->
  <rows>3</rows>
  <cols>3</cols>
  <dt>d</dt>
  <data>
        1028.6665318993918845 0.0000000000000000 308.4123015396523328 
0.0000000000000000 1028.5538016934931420 168.7644665120843968 
0.0000000000000000 0.0000000000000000 1.0000000000000000 </data></CAMERA_MARTRIX_9>


<DISTORTION_COEFF_9 type_id="opencv-matrix"><!--AX-5610-172.V1.0 720P -->
  <rows>5</rows>
  <cols>1</cols>
  <dt>d</dt>
  <data>
   -0.5866489330960126 0.2517778445735165 0.0000000000000000 0.0000000000000000 0.7408435106607367</data></DISTORTION_COEFF_9>

</opencv_storage>
